160.0 60.0
160.0 113.33333333333334
160.0 166.66666666666669
160.0 220.0
160.0 273.33333333333337
160.0 326.6666666666667
160.0 380.0
160.0 433.33333333333337
160.0 486.6666666666667
160.0 540.0
213.33333333333334 60.0
213.33333333333334 113.33333333333334
213.33333333333334 166.66666666666669
213.33333333333334 220.0
213.33333333333334 273.33333333333337
213.33333333333334 326.6666666666667
213.33333333333334 380.0
213.33333333333334 433.33333333333337
213.33333333333334 486.6666666666667
213.33333333333334 540.0
266.6666666666667 60.0
266.6666666666667 113.33333333333334
266.6666666666667 166.66666666666669
266.6666666666667 220.0
266.6666666666667 273.33333333333337
266.6666666666667 326.6666666666667
266.6666666666667 380.0
266.6666666666667 433.33333333333337
266.6666666666667 486.6666666666667
266.6666666666667 540.0
320.0 60.0
320.0 113.33333333333334
320.0 166.66666666666669
320.0 220.0
320.0 273.33333333333337
320.0 326.6666666666667
320.0 380.0
320.0 433.33333333333337
320.0 486.6666666666667
320.0 540.0
373.33333333333337 60.0
373.33333333333337 113.33333333333334
373.33333333333337 166.66666666666669
373.33333333333337 220.0
373.33333333333337 273.33333333333337
373.33333333333337 326.6666666666667
373.33333333333337 380.0
373.33333333333337 433.33333333333337
373.33333333333337 486.6666666666667
373.33333333333337 540.0
426.6666666666667 60.0
426.6666666666667 113.33333333333334
426.6666666666667 166.66666666666669
426.6666666666667 220.0
426.6666666666667 273.33333333333337
426.6666666666667 326.6666666666667
426.6666666666667 380.0
426.6666666666667 433.33333333333337
426.6666666666667 486.6666666666667
426.6666666666667 540.0
480.0 60.0
480.0 113.33333333333334
480.0 166.66666666666669
480.0 220.0
480.0 273.33333333333337
480.0 326.6666666666667
480.0 380.0
480.0 433.33333333333337
480.0 486.6666666666667
480.0 540.0
533.3333333333334 60.0
533.3333333333334 113.33333333333334
533.3333333333334 166.66666666666669
533.3333333333334 220.0
533.3333333333334 273.33333333333337
533.3333333333334 326.6666666666667
533.3333333333334 380.0
533.3333333333334 433.33333333333337
533.3333333333334 486.6666666666667
533.3333333333334 540.0
586.6666666666667 60.0
586.6666666666667 113.33333333333334
586.6666666666667 166.66666666666669
586.6666666666667 220.0
586.6666666666667 273.33333333333337
586.6666666666667 326.6666666666667
586.6666666666667 380.0
586.6666666666667 433.33333333333337
586.6666666666667 486.6666666666667
586.6666666666667 540.0
640.0 60.0
640.0 113.33333333333334
640.0 166.66666666666669
640.0 220.0
640.0 273.33333333333337
640.0 326.6666666666667
640.0 380.0
640.0 433.33333333333337
640.0 486.6666666666667
640.0 540.0
